# npoint
   13
#  i       date  dt    j        vy         ax        ay         ox        oy         px        py     smoothX    smoothY   Psmooth11   Psmooth12   Psmooth21   Psmooth22
   0    4/25/00   0 5.0988e+006          0      573.86      -5369        2012     -89.48        2012     -89.48         2012      -89.48           0           0           0           0 
   1  116/00/204131792 9.2306e+006       1.42       98186     -2.078 6.42719e-309 2.2384e-317     2594.57  -0.034632      2289.47     -154.15      1.2542    -0.13662    -0.13662    0.014886 
   2   26/00/-2  48 9.2306e+006       1.42      -51072 6.539e+004           4       2012     94.0611     1089.9      3122.63      954.09      2316.6      44.627      44.627     0.86223 
   3    0/29/-93  48 9.2307e+006       1.42      -86986 4.404e+004         117          0    -536.248     734.04     -1698.45      668.12      2172.7      34.996      34.996     0.56494 
   4    0/-2/00  48 9.2307e+006       1.42 -1.0485e+005 3.497e+004          27          4      3342.2     582.86      3343.47       582.9      223.99      6.7589      6.7589     0.20725 
   5   34/-93/2012-4123192 5.1075e+006       1.42 -7.5149e+005       6932           0        118     30008.9     115.54      22137.1      125.33  6.651e+005     -1165.9     -1165.9       2.044 
   6   -2/00/00-4531072 5.7647e+005       1.42 -5.3271e+006 1.863e+004           0         29     -135714     310.51     -59987.6      334.77     0.92826 -0.00032342 -0.00032342 6.4852e-007 
   7  -94/2012/04   0 5.7647e+005       1.42 -7.112e+006 2.253e+004       27.33          0     -122074     375.54     -59987.6      334.77     0.92826 -0.00032341 -0.00032341 6.4856e-007 
   8    0/00/120   0 5.7647e+005       1.42 -3.2899e+006 2.008e+004      -2.374          0    -59733.2     334.62     -59987.6      334.77     0.92826 -0.00032341 -0.00032341 6.4856e-007 
   9 2012/04/30156887 7.3336e+005       1.42 -3.0548e+006 2.668e+004      -95.71      32.86     -544635     444.65 -2.69029e+006      5430.7 1.4849e+009      -52325      -52325      1.8439 
  10    0/121/00629641 1.363e+006       1.42 -3.1151e+006 2.635e+004           0     -2.374     -275578     439.18 -2.17906e+007     -777.87 4.1926e+010       67258       67258      0.1079 
  11    5/01/00-450656 9.1234e+005       1.42 -3.1754e+006 2.568e+004        2012     -91.99     -140155     427.97 1.17866e+007     -605.16 1.6249e+010      -35659      -35659    0.078255 
  12  122/00/34-335872 5.7647e+005          0 -5.8649e+007          0           0          0     -976518          0            0           0           0           0           0           0 
